0 0.741855 0.260000 0.011258 0.056778
0 0.756594 0.321889 0.010031 0.067000
0 0.624141 0.208333 0.010844 0.061111
0 0.516254 0.220000 0.009617 0.043667
0 0.340711 0.244722 0.009422 0.067000
0 0.323617 0.247639 0.008797 0.064056
0 0.302941 0.230167 0.009211 0.055333
0 0.288000 0.226528 0.010844 0.062611
0 0.207031 0.229444 0.006953 0.045111
0 0.220441 0.221417 0.011258 0.052389
0 0.773379 0.179194 0.007570 0.049500
0 0.786172 0.205417 0.009828 0.055278
0 0.806848 0.193778 0.009008 0.043667
0 0.815348 0.239639 0.005523 0.048056
0 0.842984 0.215611 0.007578 0.043667
0 0.918215 0.182139 0.011461 0.064056
0 0.236613 0.229444 0.012898 0.059667
0 0.111941 0.234528 0.011664 0.046611
0 0.086453 0.260722 0.013516 0.058222
0 0.754137 0.185750 0.007570 0.050944
