0 0.232180 0.334750 0.013141 0.062833
0 0.332074 0.443972 0.011164 0.069500
0 0.353094 0.550806 0.011359 0.071722
0 0.394344 0.548972 0.015969 0.078611
0 0.509500 0.511833 0.016172 0.071333
0 0.531711 0.559167 0.012688 0.046556
0 0.532426 0.630528 0.021086 0.078611
0 0.628750 0.469639 0.020062 0.112056
0 0.689957 0.224361 0.009414 0.049500
0 0.697840 0.265083 0.009617 0.049500
0 0.732437 0.227250 0.015766 0.064056
0 0.779316 0.278944 0.019445 0.053889
0 0.779008 0.239639 0.009828 0.039278
0 0.790270 0.244000 0.009008 0.065556
0 0.796742 0.215528 0.008859 0.052278
0 0.806750 0.242556 0.010437 0.059667
0 0.831520 0.280389 0.017805 0.059667
0 0.808184 0.907083 0.019039 0.090278
0 0.872973 0.522750 0.012695 0.078611
0 0.866422 0.447806 0.016781 0.080056
0 0.860691 0.307306 0.012289 0.049500
0 0.892832 0.194500 0.012289 0.048000
0 0.905320 0.234556 0.013922 0.058222
0 0.966020 0.234556 0.013305 0.084444
0 0.983008 0.310944 0.015766 0.056778
0 0.968680 0.387389 0.017406 0.072778
0 0.208988 0.373639 0.019430 0.060611
0 0.219496 0.333333 0.012227 0.056667
0 0.213125 0.298222 0.011375 0.060444
0 0.205539 0.320861 0.007672 0.067944
0 0.197629 0.328028 0.012211 0.058167
0 0.197930 0.486972 0.014156 0.064944
0 0.194965 0.600611 0.021008 0.084444
0 0.139937 0.972389 0.022375 0.055222
0 0.122359 0.607083 0.021000 0.077944
