0 0.061023 0.389833 0.016781 0.088333
0 0.081840 0.358139 0.013383 0.056611
0 0.125703 0.386444 0.012750 0.054333
0 0.150918 0.312083 0.017102 0.061167
0 0.195266 0.383444 0.014656 0.066444
0 0.181406 0.722472 0.018797 0.072500
0 0.017852 0.914694 0.019141 0.086056
0 0.029668 0.929389 0.017117 0.076111
0 0.070727 0.930500 0.010312 0.069444
0 0.043055 0.346083 0.016766 0.054389
0 0.009191 0.292472 0.015867 0.049611
0 0.179352 0.961056 0.018453 0.077889
0 0.229914 0.818222 0.015172 0.065333
0 0.248031 0.392889 0.013391 0.045556
0 0.284090 0.371278 0.017320 0.048778
0 0.338012 0.387278 0.013352 0.053556
0 0.415770 0.332083 0.009789 0.055167
0 0.514211 0.332083 0.017656 0.044056
0 0.539469 0.328889 0.013953 0.040778
0 0.532996 0.919278 0.016539 0.068000
0 0.594313 0.516111 0.013391 0.068000
0 0.639820 0.664500 0.013953 0.096000
0 0.595379 0.302083 0.014852 0.051167
0 0.634754 0.255694 0.009227 0.033611
0 0.643703 0.260889 0.006187 0.039222
0 0.648215 0.248444 0.007055 0.043111
0 0.652477 0.278472 0.011359 0.029611
0 0.647629 0.304111 0.008227 0.044000
0 0.641113 0.306861 0.005961 0.038389
0 0.669969 0.280472 0.005625 0.044833
0 0.659168 0.158083 0.004945 0.041611
0 0.665523 0.151667 0.008437 0.059222
0 0.683129 0.159278 0.006977 0.044000
0 0.684875 0.310861 0.010906 0.041611
0 0.704508 0.518889 0.010578 0.049556
0 0.732633 0.412500 0.009219 0.075222
0 0.720250 0.293833 0.011687 0.037889
0 0.715758 0.259694 0.007422 0.057611
0 0.713906 0.188333 0.006250 0.040000
0 0.748566 0.258139 0.008023 0.033722
0 0.765652 0.299694 0.009336 0.038389
0 0.765988 0.459694 0.009789 0.051167
0 0.802891 0.247667 0.008437 0.044778
0 0.816332 0.260472 0.010805 0.081611
0 0.847555 0.190083 0.012938 0.051167
0 0.861336 0.290861 0.009672 0.065611
0 0.886422 0.158472 0.011250 0.042389
