0 0.212910 0.316222 0.013570 0.051778
0 0.097703 0.358694 0.016438 0.055167
0 0.931723 0.398528 0.013008 0.035944
0 0.899387 0.362556 0.011930 0.066778
0 0.806156 0.433222 0.016984 0.079667
0 0.776168 0.461472 0.015539 0.064278
0 0.708598 0.826333 0.019148 0.120778
0 0.656922 0.742861 0.017703 0.092500
0 0.657465 0.537278 0.021680 0.113111
0 0.693059 0.452472 0.012648 0.056500
0 0.652770 0.359972 0.013008 0.066833
0 0.722035 0.191667 0.012977 0.064444
0 0.735500 0.251000 0.008406 0.031111
0 0.610145 0.361139 0.012430 0.054944
0 0.589652 0.352639 0.012430 0.057611
0 0.501078 0.314500 0.013672 0.044444
0 0.482133 0.294139 0.015344 0.037056
0 0.476480 0.333028 0.010805 0.040722
0 0.485063 0.360750 0.009000 0.051833
0 0.382758 0.529250 0.009500 0.061056
0 0.258590 0.487528 0.015555 0.066056
0 0.287941 0.321583 0.012570 0.055278
0 0.278027 0.295694 0.011320 0.078500
0 0.270371 0.252889 0.011570 0.057111
0 0.222445 0.416500 0.008562 0.047444
0 0.208422 0.431111 0.008281 0.035556
