0 0.011906 0.313611 0.009531 0.064222
0 0.072016 0.264528 0.019797 0.048167
0 0.125324 0.342167 0.019570 0.064222
0 0.214281 0.240444 0.009781 0.050000
0 0.241898 0.290417 0.018844 0.053500
0 0.332344 0.306472 0.009031 0.049944
0 0.336621 0.211000 0.017039 0.066000
0 0.367453 0.171750 0.012750 0.051833
0 0.380461 0.186528 0.014594 0.062944
0 0.400645 0.171750 0.012492 0.079611
0 0.447180 0.193028 0.011063 0.049944
0 0.482910 0.240250 0.008070 0.061056
0 0.514668 0.197194 0.008852 0.067611
0 0.526062 0.204611 0.007422 0.056444
0 0.539664 0.314750 0.019266 0.056500
0 0.572270 0.305500 0.017836 0.056444
0 0.541617 0.187000 0.007812 0.036111
0 0.546363 0.172667 0.006117 0.050000
0 0.553910 0.184694 0.008992 0.053722
0 0.615680 0.197194 0.013281 0.052722
0 0.641129 0.236556 0.017055 0.038889
0 0.667289 0.201361 0.014188 0.035167
0 0.668527 0.244861 0.012758 0.035167
0 0.757586 0.250500 0.014625 0.053333
0 0.754305 0.189167 0.011063 0.032000
0 0.817121 0.146528 0.011852 0.042611
0 0.851305 0.244000 0.021563 0.046111
0 0.863922 0.167333 0.015391 0.045000
0 0.894391 0.192056 0.017422 0.044444
0 0.884547 0.104278 0.009453 0.034444
0 0.869742 0.114000 0.015156 0.048333
0 0.947531 0.237083 0.022172 0.066167
0 0.952289 0.093917 0.011813 0.044611
0 0.973785 0.098000 0.015477 0.040889
0 0.966621 0.157167 0.009727 0.058000
