0 0.903066 0.159556 0.009414 0.053889
0 0.937871 0.132639 0.009008 0.040722
0 0.944316 0.173389 0.011258 0.043667
0 0.884230 0.113694 0.006961 0.052389
0 0.844621 0.161750 0.007164 0.055278
0 0.844414 0.122444 0.012484 0.040778
0 0.782387 0.163806 0.012492 0.039056
0 0.797434 0.319694 0.009414 0.048056
0 0.748609 0.294222 0.011672 0.046556
0 0.786992 0.561333 0.011875 0.056778
0 0.689852 0.391778 0.012078 0.055333
0 0.674090 0.629778 0.014945 0.094667
0 0.656488 0.518389 0.012898 0.069889
0 0.641852 0.435417 0.011875 0.046611
0 0.619535 0.385333 0.014742 0.050667
0 0.539695 0.669806 0.012281 0.061167
0 0.502234 0.551167 0.015969 0.042222
0 0.294648 0.570083 0.026609 0.062611
0 0.304270 0.261472 0.013102 0.065500
0 0.177961 0.207611 0.011469 0.045111
