0 0.861039 0.813000 0.014719 0.068778
0 0.006266 0.732222 0.011047 0.073778
0 0.462344 0.455000 0.017734 0.085667
0 0.497480 0.729861 0.017070 0.083278
0 0.100961 0.792917 0.018406 0.090389
0 0.533953 0.761972 0.015062 0.061833
0 0.538137 0.539500 0.012039 0.064222
0 0.357445 0.463333 0.015391 0.121333
0 0.550168 0.572806 0.011414 0.088056
0 0.574277 0.869028 0.017398 0.071389
0 0.656258 0.728667 0.012719 0.085667
0 0.603555 0.525222 0.009031 0.040444
0 0.386555 0.503806 0.016734 0.049944
0 0.649395 0.375306 0.019070 0.073722
0 0.744426 0.426472 0.018398 0.066611
