0 0.027121 0.743278 0.018164 0.084222
0 0.032602 0.468056 0.013328 0.057556
0 0.104770 0.366972 0.020633 0.051944
0 0.125602 0.239889 0.008984 0.073000
0 0.141840 0.230056 0.010664 0.035111
0 0.136707 0.253583 0.009477 0.045611
0 0.159660 0.205861 0.008977 0.054056
0 0.161684 0.241306 0.015398 0.047722
0 0.167168 0.259583 0.015508 0.056167
0 0.181598 0.262722 0.010398 0.052667
0 0.205430 0.341778 0.011797 0.060222
0 0.224520 0.268694 0.011352 0.054722
0 0.253891 0.421722 0.016781 0.053333
0 0.272996 0.551972 0.020430 0.042833
0 0.259719 0.265889 0.009672 0.050556
0 0.268754 0.279917 0.011945 0.060389
0 0.301676 0.268333 0.008102 0.069556
0 0.311895 0.277444 0.008398 0.063889
0 0.318016 0.430861 0.012734 0.063167
0 0.342648 0.401028 0.014219 0.061056
0 0.350051 0.297111 0.013430 0.059667
0 0.380066 0.383111 0.013820 0.063222
0 0.621641 0.412500 0.014375 0.086111
0 0.664062 0.338222 0.014719 0.060222
0 0.687059 0.293111 0.014008 0.072333
0 0.732984 0.500778 0.011500 0.064778
0 0.453637 0.274278 0.015070 0.068222
0 0.727437 0.361583 0.014234 0.053611
0 0.782871 0.288722 0.011258 0.033222
0 0.789664 0.307972 0.010406 0.050611
0 0.807613 0.266833 0.007648 0.058889
0 0.812813 0.315556 0.014453 0.070222
0 0.837402 0.321556 0.009445 0.037000
0 0.847645 0.322333 0.009570 0.062667
0 0.865703 0.245306 0.007641 0.059611
0 0.872125 0.259278 0.007328 0.061889
0 0.870586 0.326500 0.017844 0.040778
0 0.862465 0.368028 0.013914 0.039278
0 0.871363 0.410361 0.008992 0.045167
0 0.894641 0.261167 0.004984 0.047556
0 0.920711 0.179583 0.006375 0.061167
0 0.925117 0.338556 0.008391 0.030222
0 0.936535 0.358972 0.010617 0.031722
0 0.972480 0.243028 0.006695 0.061167
0 0.979535 0.270222 0.009992 0.044556
0 0.988566 0.259278 0.007445 0.034778
0 0.994355 0.299306 0.007539 0.043833
