0 0.040406 0.450389 0.017547 0.046222
0 0.168168 0.393139 0.014445 0.062611
0 0.268070 0.330611 0.014219 0.047222
0 0.310684 0.321056 0.012898 0.047111
0 0.315465 0.381167 0.009945 0.045889
0 0.340043 0.291944 0.015508 0.080556
0 0.363742 0.381167 0.010625 0.065667
0 0.391188 0.262222 0.012891 0.058222
0 0.455051 0.231833 0.013070 0.066889
0 0.524496 0.275833 0.012195 0.063222
0 0.550266 0.252861 0.011813 0.054611
0 0.576973 0.212556 0.012102 0.046444
0 0.585137 0.264611 0.009805 0.047333
0 0.608309 0.185028 0.013070 0.039611
0 0.627734 0.271083 0.012469 0.046500
0 0.657684 0.279250 0.014523 0.042167
0 0.681344 0.233639 0.011016 0.031833
0 0.712020 0.336472 0.015008 0.099833
0 0.702461 0.174694 0.007500 0.051611
0 0.709781 0.149333 0.007141 0.057667
0 0.769500 0.235361 0.017422 0.050722
0 0.810402 0.212556 0.013070 0.034444
0 0.813898 0.441639 0.010109 0.053278
0 0.835684 0.415000 0.009758 0.066889
0 0.858508 0.213639 0.017078 0.045833
0 0.873410 0.195028 0.016555 0.038389
0 0.895105 0.113222 0.008773 0.044000
0 0.899883 0.239222 0.010234 0.060778
0 0.966766 0.107250 0.006531 0.049611
0 0.984934 0.093222 0.008664 0.040778
0 0.855480 0.771000 0.020023 0.067222
0 0.793043 0.923889 0.017320 0.152222
