0 0.587906 0.516389 0.011797 0.075000
0 0.016246 0.373889 0.010789 0.087444
0 0.026043 0.376444 0.011977 0.072222
0 0.038937 0.312417 0.014750 0.058056
0 0.095059 0.333583 0.011977 0.060944
0 0.100574 0.341444 0.010789 0.065444
0 0.107832 0.343722 0.009602 0.057556
0 0.111477 0.298889 0.008172 0.067111
0 0.143379 0.324806 0.011836 0.084056
0 0.151695 0.320306 0.009438 0.085167
0 0.276742 0.244500 0.018094 0.077778
0 0.279477 0.349056 0.015750 0.064667
0 0.291773 0.486500 0.018219 0.052667
0 0.313121 0.252306 0.009367 0.086167
0 0.331086 0.278750 0.013797 0.085167
0 0.425129 0.195833 0.013930 0.062111
0 0.447270 0.285694 0.005320 0.082389
0 0.443453 0.286389 0.004922 0.070556
0 0.439352 0.284444 0.006094 0.077778
0 0.471035 0.264444 0.006477 0.060000
0 0.496934 0.437500 0.018586 0.050556
0 0.508375 0.465000 0.020078 0.053333
0 0.500836 0.220278 0.008594 0.065000
0 0.545883 0.221389 0.011641 0.042778
0 0.562793 0.210000 0.012977 0.060000
0 0.581813 0.385556 0.011328 0.041111
0 0.597836 0.314444 0.011797 0.096667
0 0.564941 0.498333 0.017102 0.056667
0 0.724730 0.383861 0.015555 0.055278
0 0.745305 0.136778 0.010047 0.047222
0 0.747414 0.169611 0.009719 0.034556
0 0.775520 0.106806 0.006961 0.049500
0 0.782727 0.132139 0.008750 0.077167
0 0.790344 0.213944 0.007453 0.068000
0 0.795363 0.104500 0.006805 0.065667
0 0.809137 0.148861 0.011336 0.041500
0 0.820477 0.157500 0.010047 0.035667
0 0.830520 0.158083 0.007773 0.039167
0 0.820395 0.205889 0.008258 0.044889
0 0.843238 0.201278 0.009883 0.051889
0 0.870453 0.215694 0.008266 0.057611
0 0.886734 0.188611 0.007453 0.058778
0 0.910383 0.112000 0.004859 0.043778
0 0.919320 0.139833 0.010422 0.030333
0 0.952145 0.235028 0.014320 0.061722
