0 0.669191 0.614389 0.012898 0.061889
0 0.700621 0.666639 0.012445 0.068278
0 0.697395 0.441583 0.015898 0.068278
0 0.689746 0.347167 0.012305 0.058667
0 0.720273 0.336500 0.017250 0.058667
0 0.723949 0.287389 0.015305 0.048000
0 0.735492 0.343417 0.010813 0.046944
0 0.724078 0.412167 0.015594 0.047889
0 0.754320 0.754667 0.012141 0.048000
0 0.762055 0.495417 0.007203 0.062944
0 0.771578 0.432500 0.008250 0.058667
0 0.774582 0.328500 0.011555 0.053333
0 0.774582 0.222333 0.016648 0.050111
0 0.797684 0.266611 0.015758 0.057556
0 0.812387 0.339694 0.008852 0.043722
0 0.817410 0.693333 0.006898 0.042667
0 0.834363 0.623444 0.010508 0.058667
0 0.848914 0.857611 0.012297 0.091778
0 0.850863 0.346083 0.009898 0.054389
0 0.836973 0.293278 0.011289 0.053333
0 0.848391 0.244750 0.019656 0.054389
0 0.866008 0.274611 0.020422 0.056556
0 0.923852 0.318861 0.018453 0.057611
0 0.930301 0.447444 0.012148 0.050111
0 0.044188 0.740472 0.027062 0.086278
0 0.955652 0.449556 0.009445 0.056556
0 0.140781 0.965444 0.021750 0.069111
0 0.250703 0.899972 0.019406 0.104722
0 0.264742 0.899861 0.028141 0.171056
0 0.324652 0.451444 0.022086 0.088000
0 0.352277 0.644778 0.030758 0.069333
0 0.378074 0.698667 0.029570 0.051222
0 0.408375 0.609056 0.012469 0.061889
0 0.406059 0.578111 0.024008 0.044778
0 0.413777 0.530639 0.009164 0.071500
0 0.401258 0.521583 0.011406 0.049056
0 0.560953 0.370083 0.019359 0.070389
0 0.583305 0.376500 0.008250 0.072556
0 0.634313 0.403167 0.016953 0.070444
0 0.633938 0.503972 0.018297 0.065056
