0 0.046336 0.285667 0.020547 0.058444
0 0.079586 0.279528 0.009813 0.044500
0 0.058473 0.038917 0.008242 0.048500
0 0.078375 0.042472 0.010516 0.047500
0 0.153227 0.262389 0.019766 0.048556
0 0.242195 0.268056 0.013734 0.053889
0 0.282168 0.189556 0.010945 0.064667
0 0.259566 0.106167 0.008102 0.033333
0 0.376141 0.228972 0.013500 0.056611
0 0.373504 0.281000 0.014805 0.043556
0 0.370598 0.450889 0.012086 0.073778
0 0.234617 0.359389 0.017344 0.048556
0 0.485355 0.184722 0.013164 0.065556
0 0.764340 0.283056 0.012289 0.057778
0 0.886289 0.163306 0.007500 0.050722
0 0.952820 0.180778 0.007125 0.035000
