0 0.213371 0.934806 0.027477 0.100944
0 0.911844 0.461944 0.017719 0.072778
0 0.773543 0.526194 0.019117 0.066833
0 0.659414 0.579889 0.018516 0.055333
0 0.647578 0.782500 0.013281 0.057222
0 0.584891 0.751750 0.013375 0.056833
0 0.829391 0.339194 0.010062 0.070056
0 0.836266 0.485194 0.011500 0.061278
0 0.797672 0.477889 0.018062 0.061333
0 0.771293 0.617333 0.018773 0.071667
0 0.707875 0.579889 0.021062 0.074889
0 0.499773 0.973111 0.015109 0.053778
0 0.334937 0.796417 0.024266 0.071611
0 0.270148 0.955194 0.027469 0.089611
0 0.526797 0.746472 0.019062 0.066278
0 0.449141 0.795167 0.012500 0.093667
0 0.381047 0.975278 0.015375 0.049444
