0 0.701840 0.627444 0.022133 0.082000
0 0.010531 0.911861 0.021063 0.081722
0 0.133664 0.915361 0.031578 0.065944
0 0.176395 0.816417 0.030477 0.075389
0 0.199469 0.635056 0.015234 0.061222
0 0.183129 0.634278 0.014352 0.075333
0 0.229496 0.787389 0.019211 0.105222
0 0.283375 0.854889 0.024063 0.083222
0 0.361324 0.757528 0.024508 0.092611
0 0.404930 0.735556 0.023406 0.076889
0 0.449758 0.844667 0.016781 0.072222
0 0.498777 0.866667 0.029586 0.084778
0 0.512906 0.726917 0.016344 0.084833
0 0.532230 0.803083 0.017445 0.158611
0 0.544594 0.861972 0.015672 0.100500
0 0.555746 0.761444 0.012367 0.072222
0 0.561375 0.859583 0.017000 0.114611
0 0.583125 0.525139 0.020750 0.054944
0 0.609289 0.685306 0.018766 0.061278
0 0.612383 0.785000 0.015672 0.072222
0 0.672020 0.559111 0.015242 0.043333
0 0.744113 0.674083 0.014711 0.067833
0 0.773074 0.725444 0.018820 0.095222
0 0.643523 0.854528 0.019375 0.129722
