0 0.569344 0.586750 0.014500 0.068722
0 0.831137 0.486167 0.016633 0.067778
0 0.753234 0.442694 0.015500 0.069722
0 0.746551 0.584750 0.023742 0.058611
0 0.708879 0.446222 0.024023 0.060667
0 0.691891 0.543806 0.020469 0.063722
0 0.680656 0.484639 0.017344 0.064722
0 0.662035 0.459889 0.022461 0.081889
0 0.634879 0.396222 0.017633 0.051556
0 0.624859 0.427028 0.017484 0.054611
0 0.625852 0.626194 0.014078 0.095056
0 0.627633 0.679250 0.015922 0.110167
0 0.555551 0.427028 0.008242 0.052611
0 0.499461 0.631250 0.015797 0.058611
0 0.477578 0.551361 0.020047 0.076833
0 0.481078 0.644306 0.011125 0.119167
0 0.463859 0.793000 0.017344 0.080889
0 0.454258 0.755583 0.018906 0.074833
0 0.434645 0.794139 0.022320 0.070500
0 0.433219 0.683806 0.021188 0.099056
0 0.405711 0.721194 0.020750 0.086944
0 0.372371 0.707583 0.019195 0.067722
0 0.349910 0.604972 0.019477 0.095056
0 0.339746 0.740917 0.016211 0.057611
0 0.339816 0.828889 0.018336 0.071778
0 0.305129 0.829889 0.016633 0.063667
0 0.290699 0.771750 0.017633 0.058611
0 0.264328 0.771750 0.024031 0.086944
0 0.285938 0.838500 0.015500 0.058667
0 0.229215 0.750528 0.026867 0.111167
0 0.231770 0.604972 0.020898 0.074833
0 0.203980 0.851611 0.013930 0.093000
