0 0.073918 0.547889 0.015398 0.049111
0 0.310391 0.193083 0.013703 0.062278
0 0.389945 0.444806 0.013703 0.073056
0 0.522023 0.380528 0.014469 0.055500
0 0.568844 0.375806 0.012187 0.056833
0 0.587316 0.266500 0.008180 0.059556
0 0.663340 0.399639 0.008555 0.057389
0 0.672285 0.199778 0.009336 0.049111
0 0.681473 0.182500 0.011383 0.051889
0 0.677879 0.128556 0.011180 0.056000
0 0.694063 0.220889 0.007781 0.049778
0 0.733156 0.181111 0.007000 0.046333
0 0.740598 0.128222 0.009789 0.044222
0 0.747691 0.244389 0.009242 0.045667
0 0.756441 0.229861 0.008070 0.044278
0 0.765387 0.205000 0.008648 0.048444
0 0.795141 0.199444 0.010406 0.041444
0 0.796695 0.247861 0.015656 0.045611
0 0.812934 0.182500 0.008648 0.040778
0 0.843133 0.189917 0.009844 0.032167
0 0.847660 0.162722 0.006711 0.037889
0 0.851527 0.201556 0.007742 0.053333
0 0.864969 0.242389 0.009609 0.051667
0 0.975867 0.268944 0.011953 0.049444
