0 0.359098 0.736472 0.019867 0.147944
0 0.098215 0.249417 0.016023 0.052056
0 0.098672 0.371528 0.010531 0.048833
0 0.117902 0.501778 0.008695 0.042333
0 0.111242 0.558583 0.024766 0.058944
0 0.160945 0.607583 0.015109 0.071611
0 0.320742 0.412222 0.016031 0.071667
0 0.406367 0.435000 0.017859 0.078111
0 0.434980 0.360111 0.014648 0.071667
0 0.341832 0.743278 0.013930 0.082778
0 0.438688 0.809750 0.013359 0.071944
0 0.433160 0.732139 0.016164 0.081278
0 0.467730 0.776500 0.012570 0.091111
0 0.455469 0.556139 0.023531 0.058722
0 0.440312 0.468028 0.010469 0.052722
0 0.446598 0.437000 0.008992 0.062222
0 0.523727 0.374778 0.013922 0.049889
0 0.534445 0.311250 0.014906 0.073611
0 0.537219 0.401056 0.009859 0.062222
0 0.592047 0.419472 0.018484 0.055167
0 0.601840 0.327028 0.010477 0.070056
0 0.620074 0.421222 0.010227 0.081444
0 0.703422 0.331278 0.008781 0.057111
0 0.732027 0.631944 0.016305 0.069556
0 0.723371 0.701556 0.022586 0.055333
0 0.732781 0.261667 0.007781 0.057111
0 0.744543 0.243472 0.010914 0.072722
0 0.804617 0.429861 0.014063 0.082389
0 0.819297 0.303833 0.012828 0.092778
0 0.807820 0.205861 0.008547 0.061611
0 0.889363 0.345750 0.009680 0.054389
0 0.915687 0.421778 0.010125 0.068778
0 0.900445 0.670972 0.011359 0.090389
0 0.975031 0.245361 0.022156 0.082389
0 0.973125 0.800028 0.015187 0.070944
