0 0.241988 0.754889 0.025914 0.070222
0 0.442383 0.735833 0.014297 0.043889
0 0.445598 0.614500 0.014117 0.052667
0 0.511137 0.539417 0.017961 0.040944
0 0.512988 0.420472 0.020289 0.040944
0 0.515246 0.375111 0.017414 0.040000
0 0.543699 0.597917 0.014805 0.085833
0 0.549027 0.636917 0.012883 0.079944
0 0.570156 0.677361 0.019484 0.063389
0 0.645297 0.662278 0.024406 0.074111
0 0.647352 0.456528 0.018375 0.044833
0 0.687074 0.722000 0.027445 0.038333
0 0.703094 0.472722 0.015703 0.045111
0 0.709504 0.377250 0.015258 0.060056
0 0.734031 0.492444 0.009359 0.059778
0 0.752352 0.342417 0.018719 0.057500
0 0.766551 0.555611 0.018555 0.064333
0 0.794395 0.428722 0.017133 0.058667
0 0.792172 0.380778 0.011734 0.037222
0 0.804230 0.386389 0.013008 0.050778
0 0.833418 0.269083 0.017773 0.055278
0 0.836117 0.390333 0.026969 0.065444
0 0.832621 0.612028 0.009836 0.075611
0 0.875695 0.460861 0.012844 0.048500
0 0.857215 0.261167 0.015867 0.050778
0 0.860309 0.277556 0.011898 0.051889
0 0.857449 0.308556 0.009992 0.050778
0 0.886246 0.410528 0.011742 0.056611
0 0.888625 0.353694 0.011109 0.057500
0 0.894332 0.274139 0.014289 0.047389
0 0.917500 0.348639 0.013328 0.045056
