0 0.019625 0.351667 0.008203 0.051667
0 0.031266 0.339444 0.014453 0.059444
0 0.056031 0.391667 0.013359 0.042778
0 0.070641 0.675556 0.018359 0.058333
0 0.087199 0.691111 0.011805 0.083889
0 0.128609 0.473056 0.017422 0.111111
0 0.094898 0.320000 0.013437 0.061667
0 0.112125 0.326944 0.013359 0.067778
0 0.190367 0.268333 0.018594 0.039444
0 0.199547 0.416667 0.017422 0.041667
0 0.211344 0.599167 0.014141 0.060000
0 0.235133 0.312500 0.012187 0.080000
0 0.253258 0.321389 0.016094 0.078889
0 0.269855 0.308056 0.019305 0.070000
0 0.392559 0.422417 0.016336 0.036500
0 0.396277 0.351917 0.016242 0.063944
0 0.462543 0.259917 0.016430 0.058722
0 0.490816 0.275250 0.015695 0.081611
0 0.487227 0.667194 0.015234 0.059944
0 0.523859 0.693944 0.019109 0.059111
0 0.525363 0.332222 0.017867 0.055333
0 0.570125 0.338528 0.012203 0.047833
0 0.625152 0.295111 0.011508 0.071667
0 0.717602 0.364306 0.014156 0.051611
0 0.715035 0.559944 0.017867 0.065444
0 0.761391 0.617833 0.010438 0.085556
0 0.731312 0.334111 0.006187 0.066667
0 0.750055 0.357111 0.019266 0.050889
0 0.759273 0.366611 0.017188 0.058889
0 0.767285 0.339417 0.010070 0.058944
0 0.760254 0.244111 0.010398 0.087222
0 0.759277 0.182444 0.010164 0.049444
0 0.774594 0.205500 0.005938 0.048889
0 0.772164 0.261889 0.012344 0.073889
0 0.781699 0.296889 0.018133 0.046111
0 0.784156 0.381333 0.014453 0.057222
0 0.795801 0.211611 0.008680 0.048889
0 0.828184 0.213556 0.009211 0.047222
0 0.839164 0.206056 0.008359 0.060000
0 0.830254 0.282167 0.010711 0.057778
0 0.834039 0.358556 0.007656 0.093889
0 0.874551 0.298278 0.008367 0.065556
0 0.877984 0.365806 0.006328 0.083944
0 0.911621 0.315528 0.012508 0.095611
0 0.910680 0.231611 0.009687 0.072222
0 0.953961 0.306611 0.008594 0.073333
0 0.917398 0.623556 0.014375 0.053889
0 0.056711 0.924194 0.024875 0.054833
