0 0.026523 0.340250 0.015625 0.060722
0 0.117156 0.273611 0.014641 0.084222
0 0.135906 0.279472 0.011672 0.072500
0 0.216176 0.308722 0.017273 0.107667
0 0.326879 0.352583 0.018258 0.078389
0 0.323836 0.247917 0.009875 0.060833
0 0.572645 0.228806 0.012148 0.062167
0 0.610797 0.202889 0.011016 0.051889
0 0.617023 0.232861 0.011844 0.042611
0 0.628121 0.227083 0.012008 0.049500
0 0.642629 0.220750 0.012148 0.057611
0 0.672277 0.249556 0.011180 0.071444
0 0.710754 0.215556 0.010695 0.049556
0 0.716008 0.243778 0.012484 0.055333
0 0.733109 0.201722 0.017172 0.049556
0 0.730023 0.278917 0.014594 0.047278
0 0.775309 0.311194 0.011820 0.044944
0 0.771586 0.197722 0.009234 0.053000
0 0.827957 0.280639 0.011180 0.064500
0 0.839543 0.059472 0.005180 0.046056
0 0.958937 0.183306 0.012641 0.072611
0 0.979430 0.232861 0.009563 0.061056
0 0.992066 0.251278 0.008586 0.072556
