0 0.211566 0.633222 0.013352 0.057333
0 0.327805 0.649083 0.011109 0.049611
0 0.357004 0.903889 0.012477 0.086111
0 0.460816 0.549972 0.014086 0.055500
0 0.559117 0.707639 0.012750 0.086611
0 0.663320 0.577028 0.012938 0.077167
0 0.750199 0.362528 0.015414 0.062278
0 0.798063 0.282694 0.012562 0.035167
0 0.817859 0.918778 0.016750 0.070333
0 0.848219 0.790889 0.015797 0.077111
0 0.941664 0.729306 0.018844 0.081167
0 0.852781 0.296222 0.013516 0.051444
0 0.880379 0.283333 0.017320 0.052778
0 0.885992 0.333444 0.012937 0.063556
0 0.910832 0.275917 0.013508 0.070389
0 0.951273 0.290111 0.010656 0.060889
0 0.950418 0.377417 0.012758 0.059500
