0 0.851465 0.174250 0.011445 0.057944
0 0.836270 0.183667 0.009242 0.045444
0 0.797844 0.340250 0.013437 0.073611
0 0.776375 0.196194 0.007484 0.061056
0 0.790687 0.196194 0.008812 0.048500
0 0.746340 0.181611 0.015086 0.055111
0 0.726059 0.190306 0.014867 0.060389
0 0.513562 0.255611 0.011047 0.123111
0 0.597645 0.197389 0.009195 0.069889
0 0.340164 0.258278 0.011734 0.078889
0 0.299781 0.241833 0.011312 0.051111
0 0.283191 0.255972 0.012383 0.044611
0 0.241977 0.247278 0.014984 0.070667
0 0.289758 0.294556 0.015453 0.041333
0 0.079934 0.272250 0.011664 0.062500
0 0.115574 0.257167 0.012633 0.060333
0 0.189762 0.258917 0.014711 0.038611
0 0.198008 0.273333 0.008688 0.070222
