0 0.345414 0.341417 0.008719 0.058722
0 0.395340 0.225139 0.006727 0.043611
0 0.403445 0.200611 0.007641 0.042444
0 0.411246 0.184861 0.010398 0.069611
0 0.447715 0.248472 0.011773 0.042389
0 0.451230 0.157167 0.009633 0.057778
0 0.485176 0.160917 0.007508 0.043500
0 0.504832 0.143000 0.007336 0.035889
0 0.515844 0.149500 0.008563 0.031556
0 0.519734 0.159833 0.008125 0.037000
0 0.525238 0.157139 0.006289 0.033722
0 0.532578 0.142972 0.009656 0.033722
0 0.548410 0.150639 0.006727 0.037944
0 0.553910 0.150111 0.005820 0.036889
0 0.572953 0.166306 0.008984 0.044056
0 0.580684 0.168167 0.007430 0.031111
0 0.587949 0.140667 0.008992 0.038333
0 0.610961 0.157611 0.004844 0.034444
0 0.616703 0.169278 0.005391 0.042222
0 0.623070 0.167611 0.004531 0.037778
0 0.628652 0.170944 0.006961 0.034444
0 0.651156 0.131500 0.009297 0.058889
0 0.669477 0.132056 0.008594 0.061111
0 0.687406 0.117889 0.007578 0.063889
0 0.663461 0.293444 0.006875 0.051667
0 0.718773 0.189556 0.008281 0.043889
0 0.687609 0.612111 0.011484 0.082778
0 0.754805 0.122611 0.004219 0.032222
0 0.755387 0.144833 0.006961 0.031111
0 0.761875 0.118722 0.005859 0.048889
0 0.782734 0.114000 0.005547 0.043889
0 0.789062 0.122056 0.005391 0.035556
0 0.794297 0.108722 0.005859 0.033333
0 0.793863 0.142333 0.007664 0.030556
0 0.803164 0.106778 0.004375 0.039444
0 0.808594 0.108444 0.006953 0.031667
0 0.826172 0.095111 0.005391 0.049444
0 0.831484 0.101778 0.005547 0.037222
0 0.832887 0.136778 0.007273 0.031667
0 0.849687 0.099000 0.005234 0.043889
0 0.855859 0.117056 0.007578 0.030000
0 0.859258 0.092889 0.005781 0.030556
0 0.863902 0.105111 0.006180 0.040556
0 0.904492 0.104278 0.005937 0.041111
0 0.899570 0.126778 0.009219 0.038333
0 0.916367 0.124556 0.006094 0.028333
0 0.943711 0.115111 0.005156 0.047222
0 0.957031 0.078167 0.010391 0.043333
0 0.981289 0.105667 0.007812 0.033889
