0 0.091691 0.574361 0.014961 0.070944
0 0.128031 0.568417 0.017813 0.086167
0 0.145609 0.627528 0.014969 0.103056
0 0.165441 0.680750 0.012352 0.074278
0 0.203207 0.666389 0.022805 0.092889
0 0.193586 0.769417 0.024937 0.086167
0 0.220426 0.806583 0.020664 0.086167
0 0.270184 0.765194 0.013305 0.091167
0 0.296785 0.460333 0.011398 0.072667
0 0.415781 0.410500 0.013297 0.057444
0 0.434664 0.431611 0.017812 0.072667
0 0.455211 0.443444 0.014250 0.076000
0 0.443926 0.561667 0.013539 0.065889
0 0.446898 0.663000 0.013781 0.059111
0 0.443930 0.825139 0.020188 0.079389
0 0.471125 0.712833 0.016625 0.067556
0 0.480746 0.548167 0.013539 0.059111
0 0.479672 0.468778 0.007125 0.072667
0 0.488344 0.476389 0.011641 0.067556
0 0.525992 0.240750 0.022328 0.069278
0 0.518273 0.742389 0.014016 0.069222
0 0.531930 0.889333 0.013297 0.052333
0 0.581094 0.550639 0.013781 0.084611
0 0.629219 0.616639 0.007953 0.047500
0 0.638000 0.608722 0.013297 0.041889
0 0.678051 0.778111 0.021305 0.056000
0 0.679285 0.512917 0.016148 0.053722
0 0.687438 0.435694 0.018469 0.065611
0 0.670414 0.389278 0.020531 0.066778
0 0.657293 0.269917 0.024508 0.053167
0 0.707645 0.516528 0.011289 0.127833
0 0.725453 0.450583 0.020938 0.070056
0 0.759223 0.393667 0.012523 0.067111
0 0.773285 0.392194 0.012320 0.061278
0 0.782105 0.415556 0.015211 0.073000
0 0.765477 0.444750 0.014797 0.046722
0 0.785090 0.524306 0.018273 0.077389
0 0.773480 0.573944 0.021367 0.100778
0 0.843391 0.552778 0.016219 0.078778
0 0.858684 0.506806 0.009852 0.056944
0 0.870484 0.486361 0.011703 0.071500
