0 0.019918 0.649917 0.025180 0.110722
0 0.122941 0.794778 0.035258 0.140000
0 0.160879 0.837833 0.017961 0.093333
0 0.316762 0.763889 0.023523 0.081111
0 0.339145 0.797861 0.022102 0.088167
0 0.487773 0.958583 0.015937 0.074278
0 0.549332 0.895083 0.013195 0.087944
0 0.572676 0.971306 0.025305 0.048833
0 0.502188 0.642000 0.017344 0.093778
0 0.484574 0.558500 0.013414 0.048667
0 0.478875 0.587417 0.019672 0.069944
0 0.518938 0.417083 0.013687 0.059833
0 0.597340 0.447000 0.013398 0.064889
0 0.614309 0.451556 0.013117 0.063889
0 0.606324 0.632000 0.022242 0.059778
0 0.607605 0.584361 0.012258 0.059833
0 0.628918 0.508833 0.007273 0.068889
0 0.635254 0.494111 0.006570 0.057778
0 0.639895 0.461194 0.009836 0.056722
0 0.634406 0.587806 0.015969 0.071167
0 0.647801 0.642639 0.020258 0.068944
0 0.631055 0.717167 0.013828 0.072000
0 0.663773 0.584361 0.012547 0.061833
0 0.677805 0.571167 0.014125 0.055778
0 0.680586 0.606611 0.009703 0.049778
0 0.674820 0.761250 0.015828 0.062833
0 0.686434 0.731361 0.011133 0.043611
0 0.700766 0.652278 0.013828 0.094222
0 0.702832 0.417111 0.015961 0.074000
0 0.711887 0.558500 0.014117 0.066889
0 0.714801 0.458139 0.009711 0.060833
0 0.736402 0.378583 0.022383 0.080056
0 0.761426 0.483500 0.017961 0.040556
0 0.730414 0.599056 0.010406 0.048667
0 0.782094 0.392750 0.017672 0.059833
0 0.799621 0.387694 0.009992 0.061833
0 0.792566 0.407417 0.012414 0.064944
0 0.817945 0.444472 0.009266 0.071944
