0 0.064562 0.749222 0.022891 0.074889
0 0.110809 0.827361 0.026555 0.100944
0 0.335164 0.899000 0.027469 0.055333
0 0.347070 0.620611 0.010078 0.065111
0 0.355758 0.466972 0.016453 0.072833
0 0.391852 0.497444 0.014875 0.075222
0 0.412168 0.488250 0.021164 0.067722
0 0.406188 0.577667 0.012266 0.056778
0 0.422672 0.829500 0.011500 0.087222
0 0.465020 0.842722 0.025008 0.064000
0 0.469148 0.667083 0.011828 0.087611
0 0.448937 0.570250 0.013797 0.067500
0 0.484484 0.561917 0.012937 0.094611
0 0.481398 0.653056 0.013938 0.082333
0 0.525270 0.559722 0.013430 0.083222
0 0.539430 0.522500 0.022531 0.050778
0 0.544672 0.451528 0.015031 0.035056
0 0.557855 0.427444 0.014789 0.076222
0 0.570969 0.438389 0.014672 0.059556
0 0.548371 0.593472 0.010352 0.064833
0 0.540477 0.631139 0.010859 0.092833
0 0.578984 0.644722 0.015891 0.081444
0 0.582980 0.721806 0.019727 0.063944
0 0.591738 0.522917 0.008383 0.058722
0 0.598941 0.519417 0.009992 0.065722
0 0.605590 0.534750 0.011961 0.050833
0 0.598641 0.430500 0.017250 0.066556
0 0.617914 0.466861 0.018844 0.060500
0 0.630664 0.515500 0.017016 0.070111
0 0.627594 0.623694 0.022422 0.072722
0 0.649027 0.549639 0.007883 0.056056
0 0.654074 0.496667 0.011070 0.062222
0 0.665902 0.514611 0.014555 0.056111
0 0.672934 0.420444 0.022914 0.062222
0 0.684430 0.534444 0.010203 0.080000
0 0.663930 0.687222 0.011078 0.098111
0 0.688941 0.579444 0.013570 0.054333
0 0.716793 0.502806 0.012070 0.079722
0 0.730453 0.480889 0.016750 0.069222
0 0.699172 0.359972 0.010609 0.058722
0 0.778027 0.525556 0.009852 0.076222
0 0.421473 0.684083 0.018773 0.081389
0 0.819828 0.493639 0.015109 0.091167
