0 0.087453 0.617333 0.013734 0.052111
0 0.149918 0.821417 0.031883 0.084056
0 0.314668 0.432528 0.018961 0.084056
0 0.393402 0.412972 0.018133 0.084056
0 0.348195 0.881028 0.026656 0.074278
0 0.385980 0.639667 0.013742 0.072333
0 0.389676 0.704056 0.009648 0.053000
0 0.402180 0.746167 0.016516 0.066444
0 0.409187 0.619167 0.027781 0.089889
0 0.433523 0.610361 0.012641 0.072278
0 0.437340 0.697361 0.014555 0.056056
0 0.435117 0.763083 0.015766 0.064833
0 0.435863 0.836667 0.018492 0.068333
0 0.425570 0.874750 0.020328 0.092056
0 0.468691 0.739444 0.016383 0.082333
0 0.463582 0.453361 0.023398 0.077944
0 0.485078 0.431917 0.019094 0.064833
0 0.509777 0.433222 0.012320 0.076222
0 0.484715 0.744694 0.010977 0.087611
0 0.490195 0.793750 0.021203 0.054278
0 0.510707 0.674139 0.013195 0.081500
0 0.516563 0.601000 0.029094 0.082333
0 0.524750 0.859472 0.030672 0.063056
0 0.559184 0.809944 0.022180 0.083222
0 0.583836 0.799889 0.027609 0.082333
0 0.591902 0.583917 0.014180 0.081500
0 0.605820 0.634750 0.017859 0.111278
0 0.623500 0.540556 0.014781 0.085889
0 0.553520 0.517778 0.020945 0.061333
0 0.549332 0.561083 0.025383 0.041278
0 0.538363 0.636472 0.019461 0.074500
0 0.646977 0.675056 0.010734 0.060444
0 0.657020 0.562889 0.011836 0.090222
0 0.632867 0.528278 0.010594 0.059556
0 0.671375 0.679833 0.010484 0.052556
0 0.685656 0.687944 0.012031 0.075556
0 0.675578 0.884056 0.022188 0.085556
0 0.727437 0.953528 0.021781 0.092944
