0 0.436824 0.309833 0.013352 0.059889
0 0.463973 0.250972 0.011320 0.070167
0 0.483137 0.312917 0.010742 0.053722
0 0.499668 0.328389 0.012508 0.064000
0 0.463684 0.726861 0.017133 0.076389
0 0.691738 0.392389 0.013352 0.092889
0 0.675191 0.362472 0.013352 0.045389
0 0.637156 0.351111 0.009297 0.047444
0 0.657047 0.299500 0.015969 0.039222
0 0.721934 0.295361 0.013352 0.043389
0 0.713910 0.365722 0.018898 0.036000
0 0.716273 0.344111 0.015078 0.034444
0 0.758629 0.292528 0.007992 0.054389
0 0.771230 0.234528 0.015867 0.045611
0 0.800594 0.250111 0.014734 0.046444
0 0.797105 0.318528 0.012039 0.069611
0 0.807512 0.322528 0.011023 0.050389
0 0.813645 0.384528 0.006414 0.049611
0 0.855285 0.281306 0.010789 0.066056
0 0.868820 0.279528 0.013828 0.076722
0 0.884145 0.170694 0.010789 0.076722
0 0.911879 0.274833 0.010383 0.078889
0 0.925316 0.251222 0.010070 0.076111
0 0.938906 0.266944 0.008437 0.071667
0 0.948125 0.234111 0.008437 0.074889
0 0.954277 0.257167 0.008117 0.065667
0 0.962539 0.225472 0.011031 0.062167
0 0.963691 0.261056 0.007461 0.041222
0 0.981664 0.267500 0.008422 0.038000
0 0.995840 0.275583 0.007617 0.074833
0 0.967645 0.282417 0.006664 0.051944
0 0.010930 0.297556 0.014328 0.066667
0 0.041629 0.277417 0.014867 0.049056
0 0.069586 0.176139 0.016281 0.052833
0 0.119039 0.310750 0.016453 0.067944
0 0.120629 0.411417 0.013977 0.055389
0 0.132484 0.221417 0.013266 0.065389
0 0.160617 0.230861 0.014328 0.056611
0 0.173531 0.208833 0.012562 0.032667
0 0.180164 0.249111 0.012031 0.055333
0 0.159289 0.371778 0.015219 0.059111
0 0.187156 0.656750 0.022828 0.052833
0 0.229617 0.321444 0.012562 0.044000
0 0.219324 0.247389 0.003992 0.047222
0 0.223109 0.251000 0.004375 0.047778
0 0.258109 0.253222 0.014531 0.047778
0 0.284867 0.258500 0.011328 0.053889
0 0.288930 0.230444 0.008672 0.020000
0 0.293969 0.263222 0.006094 0.045556
0 0.332641 0.254056 0.008438 0.060556
0 0.345883 0.259333 0.008047 0.052222
0 0.347367 0.289611 0.009453 0.050556
0 0.351707 0.414611 0.010773 0.051667
0 0.396180 0.332500 0.019156 0.064000
