0 0.598133 0.446250 0.012937 0.068722
0 0.610145 0.453306 0.012227 0.056611
0 0.342734 0.515000 0.034406 0.070778
0 0.606090 0.506389 0.015211 0.047556
0 0.604027 0.585250 0.025305 0.077833
0 0.604172 0.653944 0.015922 0.053667
0 0.627203 0.461389 0.015922 0.072778
0 0.638008 0.662583 0.016781 0.068722
0 0.659332 0.499306 0.018195 0.063722
0 0.686910 0.378000 0.010805 0.083889
0 0.686063 0.460417 0.011375 0.066722
0 0.698645 0.495278 0.013789 0.063667
0 0.730629 0.486167 0.012367 0.075778
0 0.727500 0.549861 0.012656 0.037389
0 0.742500 0.555444 0.008812 0.050556
0 0.735176 0.576639 0.010945 0.044500
0 0.670352 0.861250 0.024313 0.085944
0 0.616328 0.775806 0.016344 0.080833
0 0.821969 0.413389 0.015359 0.104111
0 0.441109 0.490722 0.026156 0.086889
0 0.443527 0.837472 0.024164 0.072833
0 0.481414 0.453833 0.013500 0.079889
0 0.479852 0.529139 0.015781 0.060611
0 0.017336 0.925361 0.026484 0.071500
0 0.043355 0.970778 0.022820 0.058444
0 0.155234 0.957778 0.016437 0.058444
0 0.180352 0.912333 0.022828 0.090889
0 0.149758 0.878250 0.019172 0.081167
0 0.225617 0.902528 0.022500 0.092611
0 0.234691 0.697639 0.016180 0.092611
0 0.264828 0.788444 0.012797 0.085889
0 0.267102 0.862750 0.027859 0.113278
0 0.567066 0.543806 0.021039 0.069722
0 0.570340 0.377500 0.019617 0.099111
0 0.583062 0.417417 0.017484 0.057611
0 0.578371 0.494250 0.018336 0.045500
0 0.601828 0.373472 0.014078 0.056611
