0 0.111035 0.636889 0.021523 0.078111
0 0.133684 0.798139 0.025180 0.140167
0 0.166344 0.904444 0.035391 0.086333
0 0.180820 0.929028 0.027812 0.057389
0 0.216574 0.794750 0.024227 0.119944
0 0.255195 0.560361 0.011953 0.049944
0 0.261605 0.583111 0.011211 0.062222
0 0.350621 0.896778 0.014289 0.106000
0 0.386043 0.894167 0.016883 0.151556
0 0.382902 0.638333 0.026117 0.067444
0 0.381793 0.580056 0.018727 0.077111
0 0.376617 0.546333 0.021188 0.064000
0 0.404953 0.587056 0.018484 0.085889
0 0.461691 0.622556 0.014914 0.100778
0 0.503027 0.568667 0.012320 0.073556
0 0.521941 0.636583 0.010477 0.056944
0 0.577262 0.708778 0.026242 0.059778
0 0.595988 0.745667 0.012195 0.070111
0 0.644410 0.722000 0.015398 0.073556
0 0.642867 0.840722 0.014047 0.078000
0 0.678969 0.739528 0.015531 0.080611
0 0.703918 0.650583 0.019836 0.079722
0 0.708539 0.759222 0.016016 0.085000
0 0.760207 0.659361 0.010258 0.063944
