0 0.296246 0.365000 0.013742 0.087889
0 0.495422 0.417111 0.013734 0.094444
0 0.603250 0.564222 0.017859 0.082667
0 0.604871 0.616500 0.025727 0.052778
0 0.664414 0.397139 0.010891 0.090278
0 0.674063 0.590694 0.010391 0.085611
0 0.695918 0.410639 0.015180 0.068056
0 0.706309 0.424111 0.013523 0.052778
0 0.710844 0.302139 0.018313 0.059833
0 0.727176 0.414167 0.019633 0.058667
0 0.720008 0.546111 0.016516 0.076222
0 0.730145 0.584222 0.012039 0.077444
0 0.748781 0.436444 0.012375 0.086778
0 0.761152 0.415889 0.010055 0.052778
0 0.761234 0.475722 0.013531 0.073889
0 0.775504 0.420611 0.012039 0.066889
