0 0.076926 0.864806 0.041211 0.110722
0 0.140109 0.827361 0.032969 0.094389
0 0.235348 0.921778 0.035711 0.133444
0 0.251375 0.845250 0.028391 0.110722
0 0.330359 0.723139 0.017859 0.100944
0 0.369508 0.745944 0.022891 0.120444
0 0.425824 0.842000 0.026555 0.097667
0 0.445516 0.894083 0.021063 0.058611
0 0.507555 0.658056 0.022438 0.087889
0 0.539379 0.759000 0.014648 0.074889
0 0.567992 0.612444 0.024266 0.087889
0 0.578961 0.682472 0.023391 0.091167
0 0.623629 0.519667 0.029305 0.117222
0 0.640340 0.728056 0.024273 0.097667
0 0.575777 0.871306 0.014195 0.097722
0 0.604855 0.872917 0.017398 0.081389
0 0.752289 0.531056 0.032047 0.100889
