0 0.213371 0.934806 0.027477 0.100944
0 0.270148 0.955194 0.027469 0.089611
0 0.334937 0.796417 0.024266 0.071611
0 0.378664 0.961694 0.020141 0.076611
0 0.499773 0.973111 0.015109 0.053778
0 0.448488 0.788278 0.018773 0.107444
0 0.524039 0.736194 0.021516 0.081389
0 0.584023 0.744333 0.015109 0.071667
0 0.649270 0.789972 0.020148 0.091056
0 0.660258 0.575000 0.022891 0.065111
0 0.707875 0.579889 0.021062 0.074889
0 0.771293 0.617333 0.018773 0.071667
0 0.772219 0.517278 0.021766 0.084667
0 0.797672 0.477889 0.018062 0.061333
0 0.836266 0.485194 0.011500 0.061278
0 0.829391 0.339194 0.010062 0.070056
0 0.913863 0.453083 0.021758 0.090500
