0 0.106977 0.288556 0.009000 0.049556
0 0.032074 0.375278 0.017711 0.070222
0 0.284750 0.276944 0.009922 0.043889
0 0.308703 0.247500 0.015781 0.059444
0 0.356238 0.249167 0.014617 0.061667
0 0.618816 0.325611 0.019039 0.056778
0 0.701195 0.300361 0.019484 0.117056
0 0.671043 0.252444 0.012320 0.045778
0 0.786187 0.185694 0.010078 0.050167
0 0.233418 0.236917 0.012773 0.061944
0 0.654543 0.402111 0.009273 0.058778
0 0.809012 0.202056 0.008695 0.054222
0 0.787004 0.706111 0.015805 0.051778
0 0.849160 0.287944 0.012961 0.058333
0 0.850996 0.200722 0.011023 0.045000
0 0.184336 0.256556 0.005250 0.039222
0 0.903418 0.182111 0.009461 0.053333
0 0.273461 0.233583 0.012141 0.071722
0 0.176078 0.231778 0.011906 0.047444
