0 0.572621 0.334806 0.011852 0.064167
0 0.201859 0.571944 0.010969 0.093111
0 0.901008 0.418472 0.017516 0.095611
0 0.883402 0.435417 0.012383 0.064167
0 0.873055 0.458694 0.016453 0.067944
0 0.837133 0.373194 0.009734 0.045278
0 0.832270 0.339806 0.006367 0.051611
0 0.829879 0.304611 0.006195 0.046556
0 0.805555 0.258639 0.008844 0.067944
0 0.772289 0.581361 0.011672 0.064167
0 0.750969 0.437944 0.010797 0.051556
0 0.196199 0.498972 0.018758 0.055389
0 0.192395 0.410250 0.015742 0.056611
0 0.207078 0.361833 0.023172 0.055333
0 0.242199 0.364361 0.012383 0.075500
0 0.224684 0.403972 0.010617 0.084278
0 0.157449 0.357417 0.013805 0.114500
0 0.136305 0.334778 0.012562 0.044000
0 0.123391 0.351778 0.017875 0.105667
0 0.092969 0.466889 0.018594 0.059111
0 0.087734 0.370000 0.012031 0.061667
0 0.006977 0.414056 0.013953 0.081778
0 0.065887 0.065528 0.022117 0.091833
0 0.050582 0.363722 0.013805 0.069222
0 0.522020 0.322194 0.008664 0.056611
0 0.534316 0.315278 0.006727 0.045333
0 0.643570 0.316528 0.011141 0.060389
0 0.648355 0.377556 0.016086 0.096889
0 0.648613 0.437333 0.014148 0.062889
0 0.646492 0.529778 0.016984 0.081778
0 0.698953 0.526028 0.014687 0.066722
0 0.710539 0.381333 0.014859 0.104444
0 0.742832 0.352333 0.007258 0.029111
0 0.713637 0.269361 0.011148 0.066722
0 0.728145 0.337306 0.006898 0.051611
0 0.539004 0.336667 0.007961 0.047778
0 0.524141 0.795917 0.020344 0.110722
0 0.403652 0.437333 0.016805 0.078000
0 0.386488 0.422222 0.016102 0.075444
0 0.288645 0.802194 0.018570 0.095611
0 0.264141 0.599639 0.020172 0.067944
0 0.226098 0.602139 0.016633 0.072944
